85.94.64.0/22,34362
85.94.68.0/22,34362
85.94.72.0/22,34362
85.94.76.0/22,34362
85.94.80.0/22,34362
85.94.84.0/22,34362
85.94.88.0/22,34362
85.94.92.0/22,34362
91.226.170.0/24,34362
176.62.0.0/22,34362
176.62.4.0/22,34362
176.62.8.0/22,34362
176.62.12.0/22,34362
176.62.16.0/22,34362
176.62.20.0/22,34362
176.62.24.0/22,34362
176.62.28.0/24,34362
176.62.28.0/24,34362
176.62.28.0/24,34362
176.62.28.0/24,34362
176.62.28.0/24,34362
176.62.29.0/24,34362
176.62.30.0/24,34362
176.62.30.0/24,34362
176.62.30.0/24,34362
176.62.30.0/24,34362
176.62.30.0/24,34362
176.62.31.0/24,34362
176.62.32.0/22,34362
176.62.36.0/22,34362
176.62.40.0/22,34362
176.62.44.0/22,34362
185.80.192.0/22,34362
194.152.213.0,34362
194.152.238.0,34362
213.190.24.0,34362
